13   0  1612368  1586263  1638473 16.1 15.8 16.4   572102   555546   588658 23.1 22.4 23.8   390690   375891   405489 21.5 20.7 22.3  53468  52778  54158  172046  164841  179251 26.6 25.5 27.7 Georgia                                       GA est16-ga.txt 02NOV2017
13   1     3542     2795     4289 19.7 15.5 23.9     1434     1091     1777 31.6 24.0 39.2      974      724     1224 30.1 22.4 37.8  37954  34850  41058                                        Appling County                                GA est16-ga.txt 02NOV2017
13   3     2176     1783     2569 26.4 21.6 31.2      958      773     1143 41.6 33.6 49.6      617      481      753 37.6 29.3 45.9  33318  29870  36766                                        Atkinson County                               GA est16-ga.txt 02NOV2017
13   5     2524     2006     3042 22.9 18.2 27.6     1000      777     1223 34.5 26.8 42.2      631      477      785 29.9 22.6 37.2  36873  33050  40696                                        Bacon County                                  GA est16-ga.txt 02NOV2017
13   7      871      684     1058 27.8 21.9 33.7      264      201      327 42.8 32.6 53.0      183      136      230 38.7 28.8 48.6  35452  31697  39207                                        Baker County                                  GA est16-ga.txt 02NOV2017
13   9    10273     8862    11684 26.0 22.4 29.6     2895     2292     3498 33.8 26.8 40.8     2036     1590     2482 32.3 25.2 39.4  40683  36949  44417                                        Baldwin County                                GA est16-ga.txt 02NOV2017
13  11     2845     2285     3405 15.5 12.4 18.6      955      747     1163 23.0 18.0 28.0      644      495      793 20.6 15.9 25.3  43370  39702  47038                                        Banks County                                  GA est16-ga.txt 02NOV2017
13  13     9888     8397    11379 12.9 11.0 14.8     3656     2948     4364 18.1 14.6 21.6     2519     1973     3065 17.1 13.4 20.8  54893  52007  57779                                        Barrow County                                 GA est16-ga.txt 02NOV2017
13  15    15442    13281    17603 15.1 13.0 17.2     5561     4568     6554 22.1 18.2 26.0     3574     2826     4322 19.3 15.3 23.3  52497  48367  56627                                        Bartow County                                 GA est16-ga.txt 02NOV2017
13  17     4467     3583     5351 26.4 21.2 31.6     1727     1327     2127 39.2 30.1 48.3     1200      910     1490 37.2 28.2 46.2  32644  29207  36081                                        Ben Hill County                               GA est16-ga.txt 02NOV2017
13  19     4179     3438     4920 22.3 18.3 26.3     1524     1214     1834 33.3 26.5 40.1     1064      832     1296 31.6 24.7 38.5  39174  36133  42215                                        Berrien County                                GA est16-ga.txt 02NOV2017
13  21    38547    34776    42318 26.3 23.7 28.9    13874    11820    15928 37.1 31.6 42.6     8877     7176    10578 33.3 26.9 39.7  38115  35405  40825                                        Bibb County                                   GA est16-ga.txt 02NOV2017
13  23     2514     2046     2982 21.7 17.7 25.7      816      641      991 31.7 24.9 38.5      565      435      695 30.2 23.3 37.1  41447  36993  45901                                        Bleckley County                               GA est16-ga.txt 02NOV2017
13  25     3795     3073     4517 20.8 16.8 24.8     1298      997     1599 30.1 23.1 37.1      902      680     1124 28.2 21.3 35.1  37675  33956  41394                                        Brantley County                               GA est16-ga.txt 02NOV2017
13  27     3854     3074     4634 24.9 19.9 29.9     1324     1031     1617 38.6 30.1 47.1      922      707     1137 37.6 28.8 46.4  33676  30370  36982                                        Brooks County                                 GA est16-ga.txt 02NOV2017
13  29     3456     2749     4163  9.6  7.6 11.6     1313     1007     1619 12.5  9.6 15.4      911      685     1137 11.7  8.8 14.6  77244  70410  84078                                        Bryan County                                  GA est16-ga.txt 02NOV2017
13  31    16650    14331    18969 24.0 20.7 27.3     3990     3239     4741 27.3 22.2 32.4     2649     2082     3216 25.5 20.0 31.0  42083  39073  45093                                        Bulloch County                                GA est16-ga.txt 02NOV2017
13  33     5986     4969     7003 26.7 22.2 31.2     2333     1872     2794 39.7 31.9 47.5     1640     1309     1971 38.3 30.6 46.0  37410  33462  41358                                        Burke County                                  GA est16-ga.txt 02NOV2017
13  35     3586     2817     4355 17.0 13.4 20.6     1203      917     1489 24.7 18.8 30.6      817      603     1031 23.3 17.2 29.4  46141  42944  49338                                        Butts County                                  GA est16-ga.txt 02NOV2017
13  37     1541     1187     1895 33.0 25.4 40.6      455      344      566 39.8 30.1 49.5      316      234      398 37.0 27.4 46.6  33478  30404  36552                                        Calhoun County                                GA est16-ga.txt 02NOV2017
13  39     7573     6410     8736 15.0 12.7 17.3     3074     2594     3554 24.4 20.6 28.2     1936     1574     2298 22.2 18.0 26.4  53130  49398  56862                                        Camden County                                 GA est16-ga.txt 02NOV2017
13  43     2647     2123     3171 25.0 20.1 29.9     1038      809     1267 38.7 30.2 47.2      728      561      895 36.5 28.1 44.9  32970  29406  36534                                        Candler County                                GA est16-ga.txt 02NOV2017
13  45    16713    13771    19655 14.9 12.3 17.5     5808     4482     7134 21.1 16.3 25.9     3887     2913     4861 19.2 14.4 24.0  50598  47151  54045                                        Carroll County                                GA est16-ga.txt 02NOV2017
13  47     8505     6688    10322 12.9 10.1 15.7     2882     2209     3555 18.9 14.5 23.3     1945     1453     2437 16.8 12.6 21.0  53740  49473  58007                                        Catoosa County                                GA est16-ga.txt 02NOV2017
13  49     2725     2156     3294 27.2 21.5 32.9      803      628      978 34.4 26.9 41.9      572      444      700 33.3 25.8 40.8  38948  34934  42962                                        Charlton County                               GA est16-ga.txt 02NOV2017
13  51    45636    39806    51466 16.6 14.5 18.7    15608    13126    18090 25.1 21.1 29.1    10657     8624    12690 24.6 19.9 29.3  52746  50171  55321                                        Chatham County                                GA est16-ga.txt 02NOV2017
13  53     1639     1295     1983 21.5 17.0 26.0      479      369      589 22.8 17.6 28.0      306      227      385 23.9 17.8 30.0  44097  39463  48731                                        Chattahoochee County                          GA est16-ga.txt 02NOV2017
13  55     4716     3818     5614 20.1 16.3 23.9     1349     1030     1668 24.9 19.0 30.8      959      726     1192 24.1 18.2 30.0  37345  33652  41038                                        Chattooga County                              GA est16-ga.txt 02NOV2017
13  57    17948    15004    20892  7.5  6.3  8.7     6146     4876     7416 10.2  8.1 12.3     4066     3144     4988  8.9  6.9 10.9  78668  74681  82655                                        Cherokee County                               GA est16-ga.txt 02NOV2017
13  59    31950    28513    35387 27.9 24.9 30.9     6451     5079     7823 29.9 23.5 36.3     4400     3325     5475 29.7 22.5 36.9  36692  33330  40054                                        Clarke County                                 GA est16-ga.txt 02NOV2017
13  61     1040      834     1246 35.2 28.2 42.2      359      282      436 56.0 44.0 68.0      240      184      296 51.8 39.8 63.8  27648  24678  30618                                        Clay County                                   GA est16-ga.txt 02NOV2017
13  63    57057    50128    63986 20.8 18.3 23.3    24918    21148    28688 32.1 27.2 37.0    16816    13924    19708 29.8 24.7 34.9  44598  42201  46995                                        Clayton County                                GA est16-ga.txt 02NOV2017
13  65     1752     1398     2106 26.0 20.7 31.3      625      479      771 35.7 27.4 44.0      425      320      530 33.5 25.2 41.8  34777  31029  38525                                        Clinch County                                 GA est16-ga.txt 02NOV2017
13  67    73446    65514    81378 10.0  8.9 11.1    24370    20216    28524 13.6 11.3 15.9    16920    13815    20025 12.8 10.4 15.2  70950  68852  73048                                        Cobb County                                   GA est16-ga.txt 02NOV2017
13  69     9153     7320    10986 23.0 18.4 27.6     3509     2754     4264 33.6 26.4 40.8     2486     1930     3042 33.0 25.6 40.4  38704  35627  41781                                        Coffee County                                 GA est16-ga.txt 02NOV2017
13  71    11252     9404    13100 25.0 20.9 29.1     4408     3591     5225 36.5 29.7 43.3     3042     2444     3640 34.5 27.7 41.3  34931  31822  38040                                        Colquitt County                               GA est16-ga.txt 02NOV2017
13  73    10512     8619    12405  7.2  5.9  8.5     3440     2681     4199  9.2  7.2 11.2     2398     1843     2953  8.5  6.5 10.5  74908  69416  80400                                        Columbia County                               GA est16-ga.txt 02NOV2017
13  75     4268     3538     4998 25.1 20.8 29.4     1587     1252     1922 35.1 27.7 42.5     1137      893     1381 33.8 26.6 41.0  35518  32005  39031                                        Cook County                                   GA est16-ga.txt 02NOV2017
13  77    13867    11308    16426  9.9  8.1 11.7     4946     3880     6012 14.1 11.1 17.1     3414     2606     4222 12.9  9.8 16.0  71114  67826  74402                                        Coweta County                                 GA est16-ga.txt 02NOV2017
13  79     2355     1892     2818 19.3 15.5 23.1      735      566      904 29.1 22.4 35.8      489      366      612 25.3 18.9 31.7  44014  39570  48458                                        Crawford County                               GA est16-ga.txt 02NOV2017
13  81     6751     5496     8006 30.3 24.7 35.9     2534     2006     3062 46.4 36.7 56.1     1860     1484     2236 46.6 37.2 56.0  34211  31429  36993                                        Crisp County                                  GA est16-ga.txt 02NOV2017
13  83     2377     1889     2865 15.6 12.4 18.8      663      521      805 21.4 16.8 26.0      456      349      563 19.9 15.2 24.6  36213  33242  39184                                        Dade County                                   GA est16-ga.txt 02NOV2017
13  85     2373     1854     2892 10.2  8.0 12.4      781      597      965 16.4 12.6 20.2      531      397      665 14.8 11.1 18.5  61229  56687  65771                                        Dawson County                                 GA est16-ga.txt 02NOV2017
13  87     7716     6576     8856 29.9 25.5 34.3     2746     2238     3254 42.4 34.5 50.3     1958     1589     2327 41.4 33.6 49.2  36136  32327  39945                                        Decatur County                                GA est16-ga.txt 02NOV2017
13  89   127476   116596   138356 17.5 16.0 19.0    44482    38739    50225 25.8 22.5 29.1    29054    24662    33446 24.4 20.7 28.1  56053  53839  58267                                        DeKalb County                                 GA est16-ga.txt 02NOV2017
13  91     4730     3903     5557 25.2 20.8 29.6     1435     1125     1745 35.6 27.9 43.3     1000      772     1228 34.2 26.4 42.0  35779  32242  39316                                        Dodge County                                  GA est16-ga.txt 02NOV2017
13  93     3386     2666     4106 28.5 22.4 34.6      985      766     1204 39.4 30.6 48.2      690      531      849 34.9 26.9 42.9  40591  37914  43268                                        Dooly County                                  GA est16-ga.txt 02NOV2017
13  95    26389    22659    30119 30.5 26.2 34.8     9515     7771    11259 43.5 35.5 51.5     6604     5314     7894 41.9 33.7 50.1  35750  32552  38948                                        Dougherty County                              GA est16-ga.txt 02NOV2017
13  97    18191    14919    21463 12.9 10.6 15.2     7412     5794     9030 20.1 15.7 24.5     5153     3948     6358 18.5 14.2 22.8  59665  54866  64464                                        Douglas County                                GA est16-ga.txt 02NOV2017
13  99     3210     2645     3775 31.4 25.9 36.9     1203      962     1444 46.7 37.4 56.0      826      646     1006 43.4 33.9 52.9  26934  24214  29654                                        Early County                                  GA est16-ga.txt 02NOV2017
13 101      913      705     1121 23.2 17.9 28.5      334      254      414 32.0 24.3 39.7      232      173      291 31.1 23.2 39.0  35892  31999  39785                                        Echols County                                 GA est16-ga.txt 02NOV2017
13 103     5949     4782     7116 10.3  8.3 12.3     2297     1797     2797 14.9 11.6 18.2     1559     1191     1927 13.8 10.5 17.1  63776  58243  69309                                        Effingham County                              GA est16-ga.txt 02NOV2017
13 105     4197     3387     5007 22.3 18.0 26.6     1347     1043     1651 32.3 25.0 39.6      967      741     1193 31.8 24.4 39.2  37131  33641  40621                                        Elbert County                                 GA est16-ga.txt 02NOV2017
13 107     5911     4781     7041 27.4 22.2 32.6     2242     1732     2752 40.3 31.1 49.5     1563     1182     1944 38.7 29.3 48.1  32495  29518  35472                                        Emanuel County                                GA est16-ga.txt 02NOV2017
13 109     2500     1972     3028 24.4 19.3 29.5     1017      775     1259 36.4 27.7 45.1      710      531      889 35.4 26.5 44.3  34689  31481  37897                                        Evans County                                  GA est16-ga.txt 02NOV2017
13 111     3485     2645     4325 14.1 10.7 17.5     1160      875     1445 27.3 20.6 34.0      805      597     1013 25.3 18.8 31.8  41487  37483  45491                                        Fannin County                                 GA est16-ga.txt 02NOV2017
13 113     6671     5346     7996  6.0  4.8  7.2     2211     1689     2733  8.6  6.6 10.6     1572     1190     1954  7.5  5.7  9.3  83145  78198  88092                                        Fayette County                                GA est16-ga.txt 02NOV2017
13 115    14596    11781    17411 15.8 12.8 18.8     5224     3975     6473 23.5 17.9 29.1     3726     2820     4632 22.7 17.2 28.2  46634  42928  50340                                        Floyd County                                  GA est16-ga.txt 02NOV2017
13 117    12468    10711    14225  5.7  4.9  6.5     4064     3322     4806  6.6  5.4  7.8     2654     2105     3203  5.5  4.4  6.6 101804  97921 105687                                        Forsyth County                                GA est16-ga.txt 02NOV2017
13 119     4614     3913     5315 21.4 18.1 24.7     1396     1123     1669 29.3 23.6 35.0      935      730     1140 26.8 20.9 32.7  41543  37488  45598                                        Franklin County                               GA est16-ga.txt 02NOV2017
13 121   159400   147096   171704 16.0 14.8 17.2    55409    49176    61642 24.3 21.6 27.0    37028    31976    42080 22.3 19.3 25.3  62824  60272  65376                                        Fulton County                                 GA est16-ga.txt 02NOV2017
13 123     4490     3520     5460 15.2 11.9 18.5     1646     1245     2047 28.2 21.3 35.1     1104      818     1390 25.8 19.1 32.5  46332  42567  50097                                        Gilmer County                                 GA est16-ga.txt 02NOV2017
13 125      539      422      656 18.5 14.5 22.5      173      132      214 25.2 19.2 31.2      119       89      149 21.8 16.3 27.3  41412  37102  45722                                        Glascock County                               GA est16-ga.txt 02NOV2017
13 127    15916    13438    18394 19.1 16.1 22.1     5614     4512     6716 29.8 24.0 35.6     3765     2951     4579 27.1 21.2 33.0  48691  44726  52656                                        Glynn County                                  GA est16-ga.txt 02NOV2017
13 129     9020     7609    10431 16.1 13.6 18.6     3415     2828     4002 24.6 20.4 28.8     2398     1976     2820 23.2 19.1 27.3  45705  41802  49608                                        Gordon County                                 GA est16-ga.txt 02NOV2017
13 131     5169     4099     6239 21.0 16.6 25.4     1963     1498     2428 31.8 24.3 39.3     1392     1048     1736 31.1 23.4 38.8  40234  36411  44057                                        Grady County                                  GA est16-ga.txt 02NOV2017
13 133     3067     2479     3655 18.2 14.7 21.7      969      732     1206 30.5 23.0 38.0      671      498      844 29.6 22.0 37.2  47194  42698  51690                                        Greene County                                 GA est16-ga.txt 02NOV2017
13 135   102033    91958   112108 11.3 10.2 12.4    40568    35001    46135 16.5 14.2 18.8    28826    24689    32963 15.5 13.3 17.7  67197  64973  69421                                        Gwinnett County                               GA est16-ga.txt 02NOV2017
13 137     6500     5317     7683 15.6 12.8 18.4     2060     1590     2530 21.0 16.2 25.8     1371     1027     1715 18.9 14.2 23.6  46828  42758  50898                                        Habersham County                              GA est16-ga.txt 02NOV2017
13 139    26561    22837    30285 13.7 11.8 15.6     9750     8013    11487 19.5 16.0 23.0     6737     5396     8078 18.2 14.6 21.8  55308  51974  58642                                        Hall County                                   GA est16-ga.txt 02NOV2017
13 141     2453     1910     2996 33.5 26.1 40.9      665      509      821 47.8 36.6 59.0      470      354      586 45.2 34.0 56.4  30616  28964  32268                                        Hancock County                                GA est16-ga.txt 02NOV2017
13 143     5306     4311     6301 18.5 15.0 22.0     1780     1414     2146 26.1 20.7 31.5     1152      880     1424 22.9 17.5 28.3  43196  38547  47845                                        Haralson County                               GA est16-ga.txt 02NOV2017
13 145     2883     2234     3532  8.7  6.7 10.7      949      726     1172 13.1 10.0 16.2      672      504      840 11.9  8.9 14.9  70724  64332  77116                                        Harris County                                 GA est16-ga.txt 02NOV2017
13 147     4286     3403     5169 17.3 13.7 20.9     1357     1024     1690 25.3 19.1 31.5      969      720     1218 24.2 18.0 30.4  41247  38587  43907                                        Hart County                                   GA est16-ga.txt 02NOV2017
13 149     2227     1773     2681 19.7 15.7 23.7      750      580      920 29.1 22.5 35.7      504      381      627 25.9 19.6 32.2  41994  37473  46515                                        Heard County                                  GA est16-ga.txt 02NOV2017
13 151    21101    17488    24714  9.6  8.0 11.2     8489     6704    10274 14.7 11.6 17.8     5763     4473     7053 12.9 10.0 15.8  67150  64146  70154                                        Henry County                                  GA est16-ga.txt 02NOV2017
13 153    22347    19495    25199 14.9 13.0 16.8     8048     6602     9494 20.8 17.1 24.5     5264     4163     6365 18.5 14.6 22.4  61795  59283  64307                                        Houston County                                GA est16-ga.txt 02NOV2017
13 155     1997     1578     2416 23.6 18.6 28.6      706      546      866 35.2 27.2 43.2      506      387      625 32.6 24.9 40.3  35866  31969  39763                                        Irwin County                                  GA est16-ga.txt 02NOV2017
13 157     8097     6784     9410 12.7 10.6 14.8     2769     2230     3308 17.0 13.7 20.3     1820     1412     2228 15.1 11.7 18.5  55426  50713  60139                                        Jackson County                                GA est16-ga.txt 02NOV2017
13 159     2282     1827     2737 16.9 13.5 20.3      877      673     1081 27.2 20.9 33.5      623      471      775 25.9 19.6 32.2  48473  43623  53323                                        Jasper County                                 GA est16-ga.txt 02NOV2017
13 161     3508     2862     4154 23.9 19.5 28.3     1343     1048     1638 33.7 26.3 41.1      929      708     1150 31.7 24.2 39.2  35538  31930  39146                                        Jeff Davis County                             GA est16-ga.txt 02NOV2017
13 163     3867     3146     4588 25.2 20.5 29.9     1402     1096     1708 37.7 29.5 45.9      952      718     1186 34.8 26.3 43.3  33680  30249  37111                                        Jefferson County                              GA est16-ga.txt 02NOV2017
13 165     2606     2065     3147 34.2 27.1 41.3      824      631     1017 44.8 34.3 55.3      568      427      709 41.9 31.5 52.3  30611  27307  33915                                        Jenkins County                                GA est16-ga.txt 02NOV2017
13 167     2277     1814     2740 29.4 23.4 35.4      649      516      782 37.2 29.6 44.8      415      314      516 31.2 23.6 38.8  32201  28695  35707                                        Johnson County                                GA est16-ga.txt 02NOV2017
13 169     3482     2719     4245 12.3  9.6 15.0     1261      957     1565 18.9 14.3 23.5      883      658     1108 17.1 12.8 21.4  54155  48763  59547                                        Jones County                                  GA est16-ga.txt 02NOV2017
13 171     3142     2515     3769 18.2 14.6 21.8     1014      775     1253 27.3 20.9 33.7      689      515      863 25.5 19.1 31.9  44575  40017  49133                                        Lamar County                                  GA est16-ga.txt 02NOV2017
13 173     2316     1861     2771 22.8 18.3 27.3      883      681     1085 34.0 26.2 41.8      580      435      725 31.6 23.7 39.5  35690  31895  39485                                        Lanier County                                 GA est16-ga.txt 02NOV2017
13 175    11931    10293    13569 25.6 22.1 29.1     4326     3592     5060 37.5 31.1 43.9     2994     2444     3544 35.7 29.2 42.2  39037  35922  42152                                        Laurens County                                GA est16-ga.txt 02NOV2017
13 177     3190     2563     3817 11.2  9.0 13.4     1299     1017     1581 16.9 13.2 20.6      891      687     1095 15.4 11.9 18.9  62972  56855  69089                                        Lee County                                    GA est16-ga.txt 02NOV2017
13 179     9184     7479    10889 15.3 12.5 18.1     4213     3268     5158 24.3 18.8 29.8     2900     2176     3624 25.9 19.4 32.4  44154  40249  48059                                        Liberty County                                GA est16-ga.txt 02NOV2017
13 181     1479     1168     1790 19.1 15.1 23.1      458      353      563 30.1 23.2 37.0      321      241      401 28.5 21.4 35.6  41494  37077  45911                                        Lincoln County                                GA est16-ga.txt 02NOV2017
13 183     3365     2686     4044 18.6 14.8 22.4     1376     1074     1678 26.4 20.6 32.2      928      715     1141 25.1 19.3 30.9  44542  40314  48770                                        Long County                                   GA est16-ga.txt 02NOV2017
13 185    23936    21058    26814 22.1 19.4 24.8     7893     6505     9281 29.4 24.2 34.6     5580     4575     6585 29.3 24.0 34.6  41331  38535  44127                                        Lowndes County                                GA est16-ga.txt 02NOV2017
13 187     4711     3817     5605 16.2 13.1 19.3     1203      928     1478 21.5 16.6 26.4      836      634     1038 20.2 15.3 25.1  47287  42310  52264                                        Lumpkin County                                GA est16-ga.txt 02NOV2017
13 189     4824     3986     5662 22.8 18.8 26.8     1992     1598     2386 36.6 29.4 43.8     1334     1026     1642 33.5 25.8 41.2  39642  35654  43630                                        McDuffie County                               GA est16-ga.txt 02NOV2017
13 191     2847     2221     3473 20.6 16.1 25.1      830      634     1026 34.5 26.4 42.6      579      435      723 32.0 24.0 40.0  40788  37007  44569                                        McIntosh County                               GA est16-ga.txt 02NOV2017
13 193     3701     2961     4441 32.1 25.7 38.5     1198      962     1434 46.0 37.0 55.0      797      619      975 41.4 32.2 50.6  31358  28327  34389                                        Macon County                                  GA est16-ga.txt 02NOV2017
13 195     4255     3372     5138 14.9 11.8 18.0     1548     1194     1902 23.8 18.4 29.2     1069      810     1328 22.4 17.0 27.8  47151  43396  50906                                        Madison County                                GA est16-ga.txt 02NOV2017
13 197     1975     1541     2409 23.4 18.2 28.6      684      526      842 37.5 28.9 46.1      466      351      581 33.6 25.3 41.9  38734  35149  42319                                        Marion County                                 GA est16-ga.txt 02NOV2017
13 199     4417     3514     5320 21.2 16.9 25.5     1495     1132     1858 33.0 25.0 41.0     1050      781     1319 31.9 23.7 40.1  34508  32495  36521                                        Meriwether County                             GA est16-ga.txt 02NOV2017
13 201     1340     1052     1628 23.1 18.1 28.1      468      359      577 34.6 26.5 42.7      315      235      395 31.2 23.3 39.1  42771  39731  45811                                        Miller County                                 GA est16-ga.txt 02NOV2017
13 205     6032     4908     7156 29.9 24.3 35.5     2105     1689     2521 41.1 33.0 49.2     1478     1172     1784 38.9 30.8 47.0  33490  29962  37018                                        Mitchell County                               GA est16-ga.txt 02NOV2017
13 207     3197     2503     3891 12.2  9.5 14.9     1054      803     1305 19.2 14.6 23.8      721      540      902 17.5 13.1 21.9  55626  50574  60678                                        Monroe County                                 GA est16-ga.txt 02NOV2017
13 209     1898     1495     2301 22.7 17.9 27.5      617      472      762 32.5 24.8 40.2      435      328      542 30.8 23.2 38.4  39074  35021  43127                                        Montgomery County                             GA est16-ga.txt 02NOV2017
13 211     2358     1844     2872 13.1 10.2 16.0      868      654     1082 21.2 16.0 26.4      601      444      758 19.2 14.2 24.2  55347  50200  60494                                        Morgan County                                 GA est16-ga.txt 02NOV2017
13 213     7055     5826     8284 18.1 14.9 21.3     2565     2039     3091 26.6 21.1 32.1     1686     1306     2066 23.2 18.0 28.4  43203  39020  47386                                        Murray County                                 GA est16-ga.txt 02NOV2017
13 215    41006    36615    45397 21.5 19.2 23.8    14021    11855    16187 29.4 24.9 33.9     9739     8053    11425 29.3 24.2 34.4  40895  38194  43596                                        Muscogee County                               GA est16-ga.txt 02NOV2017
13 217    18463    16094    20832 17.5 15.2 19.8     7834     6613     9055 27.9 23.5 32.3     5159     4205     6113 24.4 19.9 28.9  51167  46892  55442                                        Newton County                                 GA est16-ga.txt 02NOV2017
13 219     2480     1975     2985  6.8  5.4  8.2      824      641     1007  8.4  6.5 10.3      549      418      680  7.1  5.4  8.8  88570  82253  94887                                        Oconee County                                 GA est16-ga.txt 02NOV2017
13 221     2272     1820     2724 15.4 12.3 18.5      741      580      902 23.5 18.4 28.6      509      391      627 21.7 16.7 26.7  45319  42345  48293                                        Oglethorpe County                             GA est16-ga.txt 02NOV2017
13 223    13373    10906    15840  8.6  7.0 10.2     5175     4090     6260 12.5  9.9 15.1     3667     2889     4445 11.7  9.2 14.2  65480  59912  71048                                        Paulding County                               GA est16-ga.txt 02NOV2017
13 225     5522     4510     6534 21.4 17.5 25.3     1783     1371     2195 30.7 23.6 37.8     1217      918     1516 29.0 21.9 36.1  44330  39601  49059                                        Peach County                                  GA est16-ga.txt 02NOV2017
13 227     3447     2804     4090 11.3  9.2 13.4     1238      939     1537 20.0 15.2 24.8      846      630     1062 18.1 13.5 22.7  57637  51933  63341                                        Pickens County                                GA est16-ga.txt 02NOV2017
13 229     3282     2572     3992 17.3 13.6 21.0     1270      976     1564 26.7 20.5 32.9      839      626     1052 23.6 17.6 29.6  42908  38790  47026                                        Pierce County                                 GA est16-ga.txt 02NOV2017
13 231     2074     1666     2482 11.7  9.4 14.0      658      506      810 15.8 12.2 19.4      458      346      570 13.9 10.5 17.3  56901  51450  62352                                        Pike County                                   GA est16-ga.txt 02NOV2017
13 233     7609     6118     9100 18.6 15.0 22.2     2854     2228     3480 27.1 21.1 33.1     2044     1585     2503 26.5 20.5 32.5  42470  38675  46265                                        Polk County                                   GA est16-ga.txt 02NOV2017
13 235     2505     2025     2985 25.0 20.2 29.8      700      552      848 33.1 26.1 40.1      473      363      583 29.0 22.3 35.7  36611  32711  40511                                        Pulaski County                                GA est16-ga.txt 02NOV2017
13 237     3914     3172     4656 18.4 14.9 21.9     1421     1105     1737 32.4 25.2 39.6      923      691     1155 28.8 21.6 36.0  44785  40094  49476                                        Putnam County                                 GA est16-ga.txt 02NOV2017
13 239      632      493      771 27.1 21.1 33.1      185      142      228 44.8 34.3 55.3      132       99      165 41.3 31.1 51.5  30483  27158  33808                                        Quitman County                                GA est16-ga.txt 02NOV2017
13 241     2794     2304     3284 17.1 14.1 20.1      836      658     1014 29.4 23.1 35.7      563      438      688 28.0 21.8 34.2  41913  37756  46070                                        Rabun County                                  GA est16-ga.txt 02NOV2017
13 243     2063     1620     2506 30.5 23.9 37.1      681      527      835 45.9 35.5 56.3      469      355      583 43.9 33.2 54.6  31662  29106  34218                                        Randolph County                               GA est16-ga.txt 02NOV2017
13 245    48929    43827    54031 25.6 22.9 28.3    17969    15667    20271 38.9 33.9 43.9    12895    11179    14611 39.9 34.6 45.2  41128  39430  42826                                        Richmond County                               GA est16-ga.txt 02NOV2017
13 247    12943    10777    15109 14.7 12.2 17.2     5297     4246     6348 23.8 19.1 28.5     3627     2848     4406 21.3 16.7 25.9  56689  54172  59206                                        Rockdale County                               GA est16-ga.txt 02NOV2017
13 249      942      747     1137 18.5 14.7 22.3      361      281      441 27.6 21.5 33.7      243      182      304 22.8 17.1 28.5  43396  38782  48010                                        Schley County                                 GA est16-ga.txt 02NOV2017
13 251     3744     3155     4333 27.6 23.3 31.9     1277     1059     1495 44.4 36.8 52.0      877      708     1046 42.5 34.3 50.7  36414  32555  40273                                        Screven County                                GA est16-ga.txt 02NOV2017
13 253     1948     1504     2392 23.4 18.1 28.7      699      523      875 39.4 29.5 49.3      498      368      628 38.3 28.3 48.3  34986  31351  38621                                        Seminole County                               GA est16-ga.txt 02NOV2017
13 255    14243    12087    16399 22.4 19.0 25.8     4941     3876     6006 32.4 25.4 39.4     3352     2550     4154 30.0 22.8 37.2  43065  39984  46146                                        Spalding County                               GA est16-ga.txt 02NOV2017
13 257     5212     4196     6228 20.8 16.7 24.9     1690     1289     2091 29.9 22.8 37.0     1146      859     1433 28.3 21.2 35.4  37920  33937  41903                                        Stephens County                               GA est16-ga.txt 02NOV2017
13 259     1634     1279     1989 39.2 30.7 47.7      351      269      433 45.0 34.5 55.5      247      186      308 43.8 33.0 54.6  24945  22462  27428                                        Stewart County                                GA est16-ga.txt 02NOV2017
13 261     8290     6948     9632 28.9 24.2 33.6     3045     2476     3614 43.8 35.6 52.0     2112     1663     2561 41.4 32.6 50.2  35764  32150  39378                                        Sumter County                                 GA est16-ga.txt 02NOV2017
13 263     1447     1143     1751 23.5 18.6 28.4      431      329      533 38.3 29.2 47.4      299      223      375 34.8 25.9 43.7  36482  32970  39994                                        Talbot County                                 GA est16-ga.txt 02NOV2017
13 265      457      358      556 28.8 22.6 35.0      138      105      171 50.0 38.2 61.8      100       75      125 50.3 37.7 62.9  30133  26910  33356                                        Taliaferro County                             GA est16-ga.txt 02NOV2017
13 267     6108     4998     7218 29.8 24.4 35.2     2178     1777     2579 41.8 34.1 49.5     1449     1144     1754 38.0 30.0 46.0  35567  32165  38969                                        Tattnall County                               GA est16-ga.txt 02NOV2017
13 269     2004     1605     2403 24.7 19.8 29.6      609      470      748 37.5 29.0 46.0      419      319      519 34.8 26.5 43.1  31637  28418  34856                                        Taylor County                                 GA est16-ga.txt 02NOV2017
13 271     3916     3068     4764 30.8 24.1 37.5     1056      811     1301 38.5 29.6 47.4      730      550      910 34.7 26.2 43.2  32327  28959  35695                                        Telfair County                                GA est16-ga.txt 02NOV2017
13 273     2695     2156     3234 31.1 24.9 37.3     1001      775     1227 48.4 37.5 59.3      688      520      856 45.2 34.1 56.3  34018  30690  37346                                        Terrell County                                GA est16-ga.txt 02NOV2017
13 275     9359     7719    10999 21.1 17.4 24.8     3216     2521     3911 30.1 23.6 36.6     2255     1735     2775 28.9 22.2 35.6  40199  36281  44117                                        Thomas County                                 GA est16-ga.txt 02NOV2017
13 277     8669     6977    10361 22.1 17.8 26.4     3574     2841     4307 35.8 28.5 43.1     2378     1819     2937 33.5 25.6 41.4  39982  35939  44025                                        Tift County                                   GA est16-ga.txt 02NOV2017
13 279     6266     5045     7487 23.4 18.8 28.0     2605     2001     3209 35.8 27.5 44.1     1796     1352     2240 34.1 25.7 42.5  36765  33365  40165                                        Toombs County                                 GA est16-ga.txt 02NOV2017
13 281     1558     1212     1904 15.1 11.7 18.5      401      305      497 26.9 20.4 33.4      286      213      359 25.9 19.3 32.5  42439  38678  46200                                        Towns County                                  GA est16-ga.txt 02NOV2017
13 283     1717     1337     2097 27.1 21.1 33.1      628      480      776 39.8 30.4 49.2      433      326      540 36.4 27.4 45.4  32100  28597  35603                                        Treutlen County                               GA est16-ga.txt 02NOV2017
13 285    13731    11693    15769 20.3 17.3 23.3     5133     4191     6075 29.9 24.4 35.4     3694     3014     4374 29.3 23.9 34.7  42955  38838  47072                                        Troup County                                  GA est16-ga.txt 02NOV2017
13 287     2329     1865     2793 30.4 24.4 36.4      895      689     1101 46.7 36.0 57.4      624      473      775 45.3 34.3 56.3  31969  28511  35427                                        Turner County                                 GA est16-ga.txt 02NOV2017
13 289     1893     1501     2285 23.5 18.6 28.4      563      432      694 35.7 27.4 44.0      386      288      484 33.0 24.6 41.4  38507  34468  42546                                        Twiggs County                                 GA est16-ga.txt 02NOV2017
13 291     3483     2807     4159 15.4 12.4 18.4      996      785     1207 27.4 21.6 33.2      678      521      835 24.2 18.6 29.8  47948  44954  50942                                        Union County                                  GA est16-ga.txt 02NOV2017
13 293     5124     4050     6198 19.8 15.6 24.0     1814     1369     2259 31.3 23.6 39.0     1274      942     1606 30.5 22.6 38.4  34039  31192  36886                                        Upson County                                  GA est16-ga.txt 02NOV2017
13 295    12349    10419    14279 18.6 15.7 21.5     3747     2966     4528 25.2 19.9 30.5     2584     2012     3156 23.3 18.1 28.5  40814  37213  44415                                        Walker County                                 GA est16-ga.txt 02NOV2017
13 297    11385     9385    13385 12.8 10.6 15.0     4264     3405     5123 18.9 15.1 22.7     2994     2363     3625 17.7 14.0 21.4  55267  51489  59045                                        Walton County                                 GA est16-ga.txt 02NOV2017
13 299     8501     6954    10048 25.5 20.9 30.1     3114     2509     3719 37.2 30.0 44.4     2079     1607     2551 34.7 26.8 42.6  34643  31341  37945                                        Ware County                                   GA est16-ga.txt 02NOV2017
13 301     1511     1214     1808 28.2 22.7 33.7      520      411      629 45.8 36.2 55.4      370      289      451 43.8 34.2 53.4  36789  34031  39547                                        Warren County                                 GA est16-ga.txt 02NOV2017
13 303     5063     4149     5977 26.9 22.0 31.8     1645     1285     2005 36.6 28.6 44.6     1123      857     1389 34.2 26.1 42.3  35542  32413  38671                                        Washington County                             GA est16-ga.txt 02NOV2017
13 305     6217     4952     7482 22.2 17.7 26.7     2295     1762     2828 31.5 24.2 38.8     1555     1173     1937 29.3 22.1 36.5  42017  38125  45909                                        Wayne County                                  GA est16-ga.txt 02NOV2017
13 307      539      418      660 20.8 16.1 25.5      178      136      220 34.1 26.0 42.2      125       94      156 31.0 23.2 38.8  36329  32355  40303                                        Webster County                                GA est16-ga.txt 02NOV2017
13 309     2111     1637     2585 39.1 30.3 47.9      520      397      643 38.8 29.6 48.0      365      275      455 36.5 27.5 45.5  29532  26480  32584                                        Wheeler County                                GA est16-ga.txt 02NOV2017
13 311     4030     3214     4846 14.3 11.4 17.2     1274      965     1583 21.8 16.5 27.1      891      664     1118 20.0 14.9 25.1  44980  41452  48508                                        White County                                  GA est16-ga.txt 02NOV2017
13 313    16688    14193    19183 16.1 13.7 18.5     6044     4929     7159 21.9 17.9 25.9     4037     3200     4874 19.7 15.6 23.8  46796  43867  49725                                        Whitfield County                              GA est16-ga.txt 02NOV2017
13 315     2115     1673     2557 31.0 24.5 37.5      685      532      838 41.4 32.2 50.6      493      381      605 41.0 31.7 50.3  33858  30234  37482                                        Wilcox County                                 GA est16-ga.txt 02NOV2017
13 317     2213     1778     2648 22.9 18.4 27.4      741      571      911 35.7 27.5 43.9      532      405      659 34.6 26.3 42.9  33735  30143  37327                                        Wilkes County                                 GA est16-ga.txt 02NOV2017
13 319     1875     1498     2252 20.9 16.7 25.1      714      556      872 34.5 26.8 42.2      506      390      622 32.4 25.0 39.8  47309  44320  50298                                        Wilkinson County                              GA est16-ga.txt 02NOV2017
13 321     4334     3421     5247 21.1 16.6 25.6     1578     1216     1940 33.4 25.7 41.1     1093      822     1364 31.4 23.6 39.2  40122  35968  44276                                        Worth County                                  GA est16-ga.txt 02NOV2017
