
Exhibit 4. Exports, Imports, and Trade Balance of Goods by Country and Area, Not Seasonally Adjusted: 2018

(X) Not applicable. (-) Represents zero or less than one-half unit of measurement shown.

                                                                                                    111111111111111111111111
         1111111111222222222233333333334444444444555555555566666666667777777777888888888999999999990000000000111111111122222
1234567890123456789012345678901234567890123456789012345678901234567890123456789012345678901234567890123456789012345678901234

                                                                                      Exports
                                            Balance                                 Domestic & Foreign,
                                          (Customs imports)                         F.A.S. basis   
Country                                   February      Year-to-Date  Rank          February      Year-to-Date  Rank

TOTAL                                        -59,527.2    -137,901.4           (X)     128,097.6     253,316.2           (X)

Afghanistan                                       83.4         117.3           206          84.9         123.5            81
Albania                                            0.9          -1.8            94           7.3          10.4           156
Algeria                                         -278.6        -680.5            30          72.8         113.5            83
Andorra                                           -0.7          -2.6            93           0.3           0.4           204
Angola                                           -42.2        -149.7            50          23.4          58.5           105
Anguilla                                           8.3          13.7           169           8.5          15.5           141
Antigua and Barbuda                               34.8          94.7           200          35.2          95.2            89
Argentina                                        274.9         726.1           224         708.2       1,509.7            29
Armenia                                            0.9          -4.0            89           5.1           8.3           161
Aruba                                             62.6         101.4           202          65.0         104.8            86
Australia*                                     1,353.9       2,444.5           231       1,957.4       3,895.9            16
Austria                                         -596.8      -1,198.4            19         313.1         610.5            47
Azerbaijan                                        14.8         -86.3            55          15.9          32.8           123

Bahamas                                          150.5         341.7           219         178.1         391.7            56
Bahrain*                                           3.0         -26.4            73          74.0         135.8            78
Bangladesh                                      -342.2        -811.5            27         162.5         246.3            67
Barbados                                          29.9          77.5           196          33.3          85.8            92
Belarus                                          -31.8         -47.5            64           8.6          17.9           137
Belgium                                        1,276.9       2,362.5           230       2,478.4       4,831.0            13
Belize                                            23.8          43.1           183          26.1          47.1           116
Benin                                             26.8          45.6           184          27.9          49.0           113
Bermuda                                           37.4         126.9           208          38.0         129.1            79
Bhutan                                             0.3           0.7           134           0.3           0.7           197
Bolivia                                           -1.9          -8.0            84          35.9          79.1            94
Bosnia and Herzegovina                            -8.5         -13.3            82           3.1           5.1           175
Botswana                                          -8.0         -44.4            65           7.5          14.4           144
Brazil                                           971.3       1,194.3           227       2,949.6       5,934.5            10
British Indian Ocean Territories                   0.3           0.4           130           0.3           0.4           202
British Virgin Islands                            31.7          61.1           192          33.6          65.2           102
Brunei                                             7.1          12.5           167           7.9          14.7           142
Bulgaria                                         -33.1         -86.3            54          23.1          43.8           118
Burkina Faso                                       1.6           3.0           152           2.7           4.2           178
Burma                                            -12.5         -26.5            72          19.4          38.4           122
Burundi                                           -1.2          -1.7            95           0.1           0.2           209

Cabo Verde                                         1.0           0.9           136           1.1           1.3           194
Cambodia                                        -264.0        -564.4            32          30.7          56.4           107
Cameroon                                         -12.4           1.1           137          17.8          48.0           115
Canada**                                        -385.8      -4,090.3             8      23,533.8      46,101.0             1
Cayman Islands                                    54.4         124.0           207          56.2         127.7            80
Central African Republic                          -0.1          -0.3           107           0.1           0.2           210
Chad                                               2.4        -127.5            51           2.5           3.7           179
Chile*                                           -75.2        -243.8            43       1,055.8       2,094.6            21
China                                        -29,261.5     -65,214.3             1       9,806.1      19,641.4             3
Christmas Island                                   (-)          -0.1           113           (-)           (-)           221
Cocos (Keeling) Islands                           -0.1          -0.2           111           (-)           (-)           224
Colombia*                                       -300.3        -737.8            29         922.0       1,991.7            24
Comoros                                            (-)          -1.2            98           0.1           0.2           211
Congo (Brazzaville)                              -60.4         -63.9            57           6.0           9.8           160
Congo (Kinshasa)                                  -8.4         -13.7            81           3.6           7.7           165
Cook Islands                                       0.4           0.5           132           0.4           0.6           199
Costa Rica**                                      95.8         222.2           216         489.9         950.0            38
Cote d'Ivoire                                   -125.5        -234.0            44          26.9          81.4            93
Croatia                                           -1.0           (-)           117          36.6          65.5           101
Cuba                                              39.8          60.2           190          39.8          60.2           104
Curacao                                           84.7         175.2           213         126.7         221.5            69
Cyprus                                             0.5           2.1           143           5.7          13.4           146
Czech Republic                                  -170.3        -319.6            38         204.6         448.9            53

Denmark                                         -486.6      -1,003.2            22         214.4         379.9            57
Djibouti                                           3.3           9.2           162           4.5          12.5           149
Dominica                                          45.0          51.8           186          45.0          52.2           108
Dominican Republic**                             250.8         540.7           223         652.6       1,256.6            33

Ecuador                                          -10.7        -169.7            49         421.9         788.3            43
Egypt                                            277.6         528.5           222         407.3         789.1            42
El Salvador**                                     72.4         142.6           211         263.7         513.6            50
Equatorial Guinea                                -10.7         -21.2            75           2.1           5.5           173
Eritrea                                            0.1           0.3           128           0.1           0.3           206
Estonia                                          -12.6         -39.2            67          24.2          44.8           117
Ethiopia                                         -11.2         -17.2            78          13.6          25.5           132

Falkland Islands (Islas Malvinas)                  (-)          -0.6           104           (-)           (-)           220
Faroe Islands                                     -9.2         -16.1            80           0.1           0.5           201
Fiji                                              -5.2         -18.2            77           6.8          10.3           159
Finland                                         -435.0        -880.8            26         149.5         260.3            65
France                                        -1,251.2      -2,485.4            14       2,593.8       4,958.2            11
French Guiana                                    191.1         194.0           214         191.4         194.3            72
French Polynesia                                   0.6           5.6           156           8.2          16.1           139
French Southern and Antarctic Lands                0.1           0.1           125           0.1           0.1           212

Gabon                                            -24.1         -26.0            74          19.0          27.8           126
Gambia                                             3.4           5.8           158           3.4           5.9           170
Gaza Strip Administered by Israel                  (-)          -0.1           114           (-)           (-)           (X)
Georgia                                           40.7          60.2           191          46.4          91.0            90
Germany                                       -5,350.8     -10,736.7             3       4,644.1       9,047.0             6
Ghana                                             24.8          26.0           176          44.4          77.4            95
Gibraltar                                        102.2         136.8           210         102.3         136.9            77
Greece                                           -37.8        -100.8            53          55.5         113.4            84
Greenland                                         -2.0          -2.9            92           0.4           0.5           200
Grenada                                            7.3          17.2           171           8.2          19.2           136
Guadeloupe                                        13.1          25.4           175          13.2          26.1           130
Guatemala*                                       258.5         448.7           221         584.9       1,116.6            35
Guinea                                            21.1          29.3           179          21.4          30.1           124
Guinea-Bissau                                      0.1           0.3           127           0.1           0.3           207
Guyana                                            21.3          35.3           181          42.0          71.4            97

Haiti                                             41.0         103.1           204         114.9         233.1            68
Heard and McDonald Islands                         (-)           (-)           120           (-)           (-)           (X)
Honduras**                                        31.0          93.1           199         431.0         819.3            41
Hong Kong                                      3,582.7       5,990.6           233       4,013.9       6,946.0             9
Hungary                                         -241.7        -511.9            34         142.3         260.4            64

Iceland                                          -12.5         -38.3            68          23.8          40.4           119
India                                         -1,677.5      -3,885.1            10       2,279.1       4,498.5            14
Indonesia                                     -1,150.9      -2,389.1            15         551.0       1,122.0            34
Iran                                               9.2          13.3           168          11.6          20.4           134
Iraq                                          -1,079.4      -2,209.5            17         101.3         217.8            70
Ireland                                       -3,651.2      -7,165.4             5         830.4       1,871.9            26
Israel*                                         -228.6        -995.1            23       1,275.8       2,297.7            20
Italy                                         -2,383.5      -5,030.6             7       1,593.4       3,261.9            18

Jamaica                                          161.4         292.1           218         190.1         349.7            59
Japan                                         -5,503.0     -11,154.8             2       5,313.3      10,963.7             4
Jordan*                                          -17.2         -36.0            70         113.7         250.8            66

Kazakhstan                                        26.6         -35.2            71          72.1         101.7            87
Kenya                                              0.9          -3.5            90          53.1          95.3            88
Kiribati                                           0.1           (-)           122           0.3           0.3           205
Korea, North                                       (-)           (-)           (X)           (-)           (-)           (X)
Korea, South*                                   -683.1      -2,650.8            13       4,291.6       7,980.0             7
Kosovo                                             0.6           2.8           150           0.8           3.2           181
Kuwait                                            -6.9         -16.9            79         238.9         482.9            51
Kyrgyzstan                                         0.6           2.3           148           1.3           3.3           180

Laos                                             -10.4         -18.6            76           1.2           2.5           187
Latvia                                            -3.8         -63.0            58          20.5          48.2           114
Lebanon                                           60.5         130.7           209          66.3         143.1            76
Lesotho                                          -20.9         -51.7            61           (-)           0.1           216
Liberia                                           12.4          17.6           172          20.1          26.0           131
Libya                                             20.1        -192.2            45          25.9          49.0           112
Liechtenstein                                    -19.0         -48.6            63           1.2           2.3           189
Lithuania                                        -60.7        -188.0            46          48.6          89.6            91
Luxembourg                                        58.6          75.4           195          99.2         168.6            74

Macau                                             27.2          47.7           185          33.0          66.4            99
Macedonia                                        -23.3         -51.5            62           4.1           7.8           163
Madagascar                                       -80.3        -171.7            47           3.0           7.8           164
Malawi                                            -1.9          -4.4            87           1.1           2.2           190
Malaysia                                      -2,123.7      -4,060.7             9       1,036.1       2,043.1            22
Maldives                                           0.9           1.3           140           2.8           6.4           169
Mali                                               3.4           6.8           159           3.9           7.6           166
Malta                                             -5.1          -6.5            86           7.6          17.8           138
Marshall Islands                                  30.1          55.4           187          31.2          57.5           106
Martinique                                        17.1          24.1           174          17.2          24.5           133
Mauritania                                        24.5          29.2           178          24.9          29.9           125
Mauritius                                        -15.0         -36.2            69           3.5           6.4           168
Mayotte                                           -0.1          -0.1           112           (-)           (-)           219
Mexico**                                      -6,063.5     -10,199.0             4      20,224.5      42,027.4             2
Micronesia                                         2.8           5.6           157           2.9           5.8           171
Moldova                                           -2.1          -7.2            85           0.9           2.1           191
Monaco                                             9.2           8.6           161          11.5          13.2           147
Mongolia                                           6.0          10.6           166           7.0          12.2           150
Montenegro                                         0.2           0.5           131           0.5           1.1           195
Montserrat                                         2.0           2.3           147           2.1           2.9           183
Morocco*                                          20.6          89.1           197         148.6         365.4            58
Mozambique                                         5.5           0.3           129          12.4          19.7           135

Namibia                                            7.5          39.1           182          13.5          51.1           111
Nauru                                              (-)          -0.2           109           (-)           0.1           217
Nepal                                             -5.1         -10.3            83           3.0           5.6           172
Netherlands                                    2,283.8       4,334.2           232       3,853.8       7,530.4             8
New Caledonia                                     -0.6          -4.2            88           4.2           8.2           162
New Zealand                                      -83.8        -171.5            48         251.8         514.7            49
Nicaragua**                                     -151.7        -271.9            41         152.6         289.1            63
Niger                                              4.0           5.4           155           4.5           6.7           167
Nigeria                                         -488.9      -1,087.2            20         163.9         349.4            60
Niue                                              -0.1          -0.1           115           (-)           (-)           (X)
Norfolk Island                                    -0.1          -0.1           116           (-)           (-)           225
Norway                                           101.5         198.0           215         509.2       1,033.1            36

Oman*                                             42.4         248.0           217         138.0         429.8            55

Pakistan                                          19.9         -52.9            59         289.9         533.3            48
Palau                                              1.5           2.8           151           1.6           2.9           184
Panama*                                          445.3         874.3           225         476.4         936.1            39
Papua New Guinea                                   1.4           1.2           138           5.8          11.7           152
Paraguay                                         226.5         436.9           220         233.9         453.0            52
Peru*                                             68.0        -115.0            52         715.2       1,413.5            30
Philippines                                     -289.3        -621.4            31         641.0       1,302.6            32
Pitcairn Islands                                   (-)           (-)           121           (-)           (-)           (X)
Poland                                          -211.9        -527.6            33         369.1         678.9            45
Portugal                                        -173.7        -348.9            37          77.3         203.9            71

Qatar                                            115.3         173.3           212         242.3         442.8            54

Reunion                                            0.8          -0.7           103           2.5           2.8           185
Romania                                         -131.7        -254.3            42          62.7         145.3            75
Russia                                          -692.8      -1,813.6            18         566.5       1,000.9            37
Rwanda                                            -4.2          -2.9            91           1.8          10.5           155

Samoa                                              1.6           4.4           154           2.1           5.2           174
San Marino                                        -0.8          -1.7            96           (-)           0.1           214
Sao Tome and Principe                              (-)           (-)           124           0.1           0.1           215
Saudi Arabia                                    -279.7        -962.8            24       1,011.2       1,813.6            27
Senegal                                            0.2           2.1           145          18.0          26.3           129
Serbia                                           -19.5         -39.9            66           8.7          14.5           143
Seychelles                                         1.6           2.2           146           2.0           3.2           182
Sierra Leone                                       1.0           2.7           149           5.2          10.4           157
Singapore*                                       597.2       1,353.9           228       2,309.0       4,861.6            12
Sint Maarten                                      46.7          95.9           201          54.9         114.7            82
Slovakia                                        -119.8        -301.5            40          30.7          51.7           109
Slovenia                                         -38.0         -80.2            56          20.3          40.1           120
Solomon Islands                                    0.5           0.7           133           0.7           1.3           193
Somalia                                            1.6           4.3           153           2.0           4.6           177
South Africa                                    -171.9        -408.2            36         355.5         754.5            44
South Sudan                                        1.1           2.0           142           1.1           2.0           192
Spain                                           -425.8        -918.7            25       1,081.4       1,996.3            23
Sri Lanka                                       -184.5        -435.1            35          27.3          51.5           110
St Helena                                         -1.3          -1.3            97           (-)           (-)           222
St Kitts and Nevis                                15.5          30.0           180          20.2          39.3           121
St Lucia                                          71.0         102.8           203          74.9         107.5            85
St Pierre and Miquelon                             (-)           (-)           123           (-)           (-)           226
St Vincent and the Grenadines                      8.4          13.7           170           8.6          14.2           145
Sudan                                              6.0           7.2           160           8.2          11.0           154
Suriname                                          33.4          58.6           188          37.2          67.4            98
Svalbard, Jan Mayen Island                         (-)          -0.2           110           (-)           (-)           223
Swaziland                                          2.2           9.5           163           2.8          10.3           158
Sweden                                          -500.6      -1,077.8            21         381.9         660.4            46
Switzerland                                   -1,167.6      -2,282.2            16       1,716.9       3,845.6            17
Syria                                             11.0          10.4           164          11.4          11.5           153

Taiwan                                        -1,312.4      -3,003.0            11       1,903.5       3,987.8            15
Tajikistan                                         0.3           0.8           135           0.5           1.1           196
Tanzania                                           0.5          -1.0           101           8.6          15.6           140
Thailand                                      -1,328.3      -2,943.3            12         898.9       1,927.1            25
Timor-Leste                                       -0.2          -0.6           105           (-)           0.1           213
Togo                                              25.1          59.5           189          25.9          60.9           103
Tokelau                                            (-)          -0.3           106           (-)           (-)           218
Tonga                                              1.3           2.1           144           1.4           2.5           188
Trinidad and Tobago                             -121.2        -306.6            39         151.2         298.5            61
Tunisia                                          -48.8         -52.9            60          33.4          76.2            96
Turkey                                            98.5          66.7           194         784.7       1,607.4            28
Turkmenistan                                       0.4           1.7           141           1.1           2.7           186
Turks and Caicos Islands                          29.2          64.3           193          29.7          65.6           100
Tuvalu                                             0.2           0.2           126           0.2           0.2           208

Uganda                                            -1.3          -1.0           100           5.6          12.1           151
Ukraine                                           52.8          90.4           198         159.4         291.1            62
United Arab Emirates                           1,000.7       1,884.6           229       1,359.6       2,533.5            19
United Kingdom                                   656.3         887.2           226       5,612.7      10,392.6             5
Uruguay                                           52.3         111.0           205          79.7         174.8            73
Uzbekistan                                         4.0          10.4           165           5.3          12.9           148

Vanuatu                                           -0.9          -0.9           102           0.2           0.6           198
Vatican City                                       (-)          -0.3           108           (-)           (-)           (X)
Venezuela                                       -291.8        -787.7            28         451.6         856.4            40
Vietnam                                       -2,781.1      -6,164.7             6         706.5       1,317.7            31

Wallis and Futuna                                  (-)           (-)           119           (-)           (-)           (X)
West Bank Administered by Israel                  -0.9          -1.0            99           0.1           0.4           203
Western Sahara                                     (-)           (-)           118           (-)           (-)           (X)

Yemen                                             17.3          26.3           177          17.5          26.5           128

Zambia                                            17.4          17.8           173          21.3          27.0           127
Zimbabwe                                           1.7           1.2           139           2.4           4.7           176

Unidentified (1)                                   (-)           (-)           (X)           (-)           (-)           (X)

Timing adjustment                                  (-)        -157.0           (X)           (-)         -42.6           (X)

Africa                                          -896.4      -2,450.0           (X)       1,683.7       3,415.8           (X)
APEC                                         -46,124.2    -105,032.5           (X)      79,789.8     159,167.2           (X)
ASEAN                                         -7,355.9     -15,422.3           (X)       6,201.8      12,686.1           (X)
Asia - South                                  -2,106.1      -5,077.6           (X)       2,846.8       5,458.8           (X)
Asia Near East                                  -353.2      -1,761.3           (X)       4,661.7       8,806.7           (X)
CAFTA-DR                                         556.9       1,175.4           (X)       2,574.7       4,945.1           (X)
Central American Common Market                   306.0         634.7           (X)       1,922.1       3,688.5           (X)
Euro Area                                    -10,926.1     -22,770.0           (X)      17,927.5      35,159.1           (X)
Europe                                       -13,580.5     -29,574.6           (X)      29,032.3      56,522.8           (X)
European Union                               -12,046.6     -25,663.6           (X)      24,974.7      48,235.0           (X)
LAFTA                                         -5,150.4      -9,792.7           (X)      27,798.3      57,322.9           (X)
NATO Allies                                   -7,055.8     -19,200.6           (X)      48,101.5      93,517.2           (X)
North America                                 -6,449.3     -14,289.3           (X)      43,758.3      88,128.4           (X)
OECD                                         -24,460.9     -54,184.0           (X)      85,708.8     170,212.9           (X)
OPEC                                          -1,367.5      -4,232.3           (X)       4,145.4       7,759.5           (X)
Pacific Rim Countries                        -34,838.1     -79,415.2           (X)      32,121.4      63,351.4           (X)
South/Central America                          3,055.5       4,478.9           (X)      12,265.9      24,201.0           (X)
Twenty Latin American Republics               -4,067.5      -7,579.6           (X)      31,004.2      63,497.3           (X)
______________

                                                                                      Imports
                                          Customs Basis                             C.I.F. Basis


Country                                   February      Year-to-Date  Rank          February      Year-to-Date  Rank

TOTAL                                        187,624.8     391,217.6           (X)     192,854.0     402,220.1           (X)

Afghanistan                                        1.6           6.3           145           1.6           6.5           146
Albania                                            6.4          12.2           131           6.6          12.6           131
Algeria                                          351.4         794.0            45         365.5         826.1            45
Andorra                                            1.0           3.0           159           1.0           3.0           159
Angola                                            65.6         208.2            73          67.9         214.0            74
Anguilla                                           0.2           1.8           166           0.2           1.9           167
Antigua and Barbuda                                0.4           0.5           192           0.4           0.6           192
Argentina                                        433.3         783.6            46         450.5         814.1            46
Armenia                                            4.1          12.3           130           4.3          12.8           130
Aruba                                              2.4           3.4           156           2.4           3.5           155
Australia*                                       603.5       1,451.4            35         619.2       1,487.4            35
Austria                                          909.9       1,808.9            30         934.5       1,853.5            31
Azerbaijan                                         1.1         119.0            84           1.1         123.5            84

Bahamas                                           27.6          50.0           105          30.2          54.1           103
Bahrain*                                          71.0         162.2            77          73.7         167.9            77
Bangladesh                                       504.7       1,057.8            41         523.5       1,096.3            41
Barbados                                           3.3           8.2           141           3.4           8.5           141
Belarus                                           40.5          65.4            93          43.5          70.4            92
Belgium                                        1,201.4       2,468.5            26       1,242.4       2,548.3            26
Belize                                             2.3           4.1           150           2.4           4.2           149
Benin                                              1.1           3.4           157           1.1           3.4           157
Bermuda                                            0.5           2.2           161           0.6           2.2           162
Bhutan                                             (-)           (-)           223           (-)           (-)           223
Bolivia                                           37.8          87.0            88          38.4          88.6            88
Bosnia and Herzegovina                            11.6          18.4           121          11.9          18.9           121
Botswana                                          15.4          58.8            98          15.8          59.9            99
Brazil                                         1,978.2       4,740.2            17       2,050.3       4,909.6            17
British Indian Ocean Territories                   (-)           (-)           221           (-)           (-)           221
British Virgin Islands                             1.8           4.1           149           1.9           4.2           150
Brunei                                             0.9           2.1           162           0.9           2.2           163
Bulgaria                                          56.1         130.2            80          58.3         135.1            80
Burkina Faso                                       1.1           1.3           175           1.1           1.3           176
Burma                                             31.9          64.9            94          33.0          67.2            94
Burundi                                            1.3           2.0           164           1.3           2.0           165

Cabo Verde                                         0.1           0.4           195           0.1           0.4           197
Cambodia                                         294.7         620.9            55         305.9         643.9            55
Cameroon                                          30.2          46.9           106          31.7          48.9           106
Canada**                                      23,919.6      50,191.3             3      24,475.1      51,449.3             3
Cayman Islands                                     1.8           3.7           152           1.9           3.8           152
Central African Republic                           0.2           0.5           193           0.2           0.5           193
Chad                                               0.1         131.3            79           0.1         135.3            79
Chile*                                         1,131.1       2,338.4            28       1,224.2       2,510.2            27
China                                         39,067.6      84,855.6             1      40,708.8      88,323.9             1
Christmas Island                                   0.1           0.1           214           0.1           0.1           214
Cocos (Keeling) Islands                            0.1           0.2           209           0.1           0.2           209
Colombia*                                      1,222.4       2,729.4            25       1,271.5       2,836.3            25
Comoros                                            0.1           1.4           172           0.1           1.4           172
Congo (Brazzaville)                               66.3          73.7            91          68.8          76.4            91
Congo (Kinshasa)                                  12.0          21.4           116          12.1          21.6           117
Cook Islands                                       (-)           0.1           217           (-)           0.1           217
Costa Rica**                                     394.1         727.8            49         414.8         770.6            49
Cote d'Ivoire                                    152.4         315.3            65         155.9         324.1            65
Croatia                                           37.6          65.6            92          38.7          67.9            93
Cuba                                               (-)           (-)           (X)           (-)           (-)           (X)
Curacao                                           41.9          46.4           107          42.9          47.3           107
Cyprus                                             5.2          11.3           133           5.4          11.6           133
Czech Republic                                   374.9         768.5            48         387.9         794.6            47

Denmark                                          700.9       1,383.1            37         714.0       1,407.5            37
Djibouti                                           1.2           3.2           158           1.2           3.3           158
Dominica                                           (-)           0.4           198           (-)           0.4           201
Dominican Republic**                             401.7         715.9            51         412.6         736.0            51

Ecuador                                          432.6         958.0            42         462.6       1,018.9            42
Egypt                                            129.7         260.6            70         134.9         271.3            70
El Salvador**                                    191.3         370.9            63         196.6         381.9            63
Equatorial Guinea                                 12.8          26.7           113          14.1          29.4           113
Eritrea                                            (-)           (-)           228           (-)           (-)           228
Estonia                                           36.8          84.0            89          37.9          86.6            89
Ethiopia                                          24.8          42.7           108          25.7          44.4           108

Falkland Islands (Islas Malvinas)                  (-)           0.6           189           (-)           0.6           191
Faroe Islands                                      9.3          16.6           123          11.8          21.3           118
Fiji                                              12.0          28.6           112          15.7          37.4           110
Finland                                          584.5       1,141.1            40         599.1       1,170.4            40
France                                         3,844.9       7,443.5            12       3,919.3       7,603.0            12
French Guiana                                      0.2           0.2           205           0.2           0.3           205
French Polynesia                                   7.6          10.5           134           7.8          11.0           134
French Southern and Antarctic Lands                (-)           (-)           226           (-)           (-)           226

Gabon                                             43.1          53.9           101          45.3          56.6           101
Gambia                                             (-)           0.1           213           (-)           0.1           213
Gaza Strip Administered by Israel                  (-)           0.1           218           (-)           0.1           218
Georgia                                            5.7          30.8           111           5.9          32.1           112
Germany                                        9,995.0      19,783.7             5      10,186.3      20,159.8             5
Ghana                                             19.6          51.4           103          20.8          54.4           102
Gibraltar                                          0.1           0.1           212           0.1           0.1           215
Greece                                            93.3         214.3            72         100.1         228.8            72
Greenland                                          2.4           3.4           155           2.5           3.4           156
Grenada                                            0.9           1.9           165           1.0           2.1           164
Guadeloupe                                         0.1           0.7           186           0.1           0.7           187
Guatemala*                                       326.4         667.9            53         359.3         729.9            52
Guinea                                             0.3           0.8           181           0.4           1.0           181
Guinea-Bissau                                      (-)           (-)           229           (-)           (-)           229
Guyana                                            20.7          36.1           110          21.3          37.3           111

Haiti                                             73.9         129.9            81          75.3         132.3            82
Heard and McDonald Islands                         (-)           (-)           231           (-)           (-)           231
Honduras**                                       400.0         726.2            50         423.4         769.2            50
Hong Kong                                        431.2         955.4            43         443.5         982.4            43
Hungary                                          384.0         772.4            47         392.0         787.7            48

Iceland                                           36.3          78.7            90          39.2          84.3            90
India                                          3,956.6       8,383.6             9       4,110.4       8,707.6             9
Indonesia                                      1,701.9       3,511.1            18       1,774.2       3,662.5            18
Iran                                               2.4           7.1           143           2.5           7.4           143
Iraq                                           1,180.7       2,427.3            27       1,202.7       2,480.5            28
Ireland                                        4,481.6       9,037.3             8       4,498.9       9,074.1             8
Israel*                                        1,504.4       3,292.8            20       1,539.5       3,362.3            20
Italy                                          3,976.9       8,292.5            10       4,086.9       8,509.3            10

Jamaica                                           28.6          57.6            99          30.0          59.9            98
Japan                                         10,816.4      22,118.5             4      11,061.5      22,624.2             4
Jordan*                                          131.0         286.7            66         133.9         292.8            66

Kazakhstan                                        45.5         136.9            78          47.3         142.2            78
Kenya                                             52.2          98.8            86          53.3         101.5            86
Kiribati                                           0.1           0.3           202           0.2           0.4           199
Korea, North                                       (-)           (-)           (X)           (-)           (-)           (X)
Korea, South*                                  4,974.7      10,630.8             6       5,109.0      10,916.9             6
Kosovo                                             0.2           0.4           197           0.2           0.4           196
Kuwait                                           245.7         499.8            60         249.4         511.3            60
Kyrgyzstan                                         0.7           1.0           179           0.8           1.1           179

Laos                                              11.6          21.2           117          12.0          21.9           116
Latvia                                            24.3         111.2            85          25.4         114.5            85
Lebanon                                            5.8          12.5           128           6.0          12.9           129
Lesotho                                           20.9          51.8           102          21.4          52.9           104
Liberia                                            7.7           8.4           140           7.9           8.7           140
Libya                                              5.7         241.2            71           5.8         248.9            71
Liechtenstein                                     20.2          50.9           104          20.6          51.7           105
Lithuania                                        109.4         277.6            67         113.3         287.2            68
Luxembourg                                        40.7          93.2            87          42.7          96.3            87

Macau                                              5.7          18.7           120           6.0          19.2           120
Macedonia                                         27.4          59.4            97          28.0          60.6            97
Madagascar                                        83.3         179.4            76          84.4         181.6            76
Malawi                                             3.0           6.7           144           3.1           6.9           145
Malaysia                                       3,159.7       6,103.7            15       3,216.3       6,222.2            14
Maldives                                           1.9           5.1           146           2.8           7.4           144
Mali                                               0.4           0.8           184           0.4           0.8           184
Malta                                             12.6          24.3           114          13.0          24.9           115
Marshall Islands                                   1.2           2.1           163           1.4           2.5           161
Martinique                                         0.1           0.4           196           0.1           0.4           198
Mauritania                                         0.5           0.6           191           0.5           0.7           188
Mauritius                                         18.5          42.6           109          19.3          44.2           109
Mayotte                                            0.1           0.1           211           0.1           0.1           211
Mexico**                                      26,288.0      52,226.4             2      26,549.9      52,751.9             2
Micronesia                                         0.1           0.2           210           0.1           0.2           210
Moldova                                            3.1           9.3           137           3.2          10.0           136
Monaco                                             2.3           4.6           148           2.3           4.7           148
Mongolia                                           1.0           1.6           168           1.0           1.6           169
Montenegro                                         0.4           0.6           188           0.4           0.7           190
Montserrat                                         (-)           0.6           190           0.1           0.7           189
Morocco*                                         127.9         276.4            68         133.1         289.1            67
Mozambique                                         6.9          19.3           118           7.2          19.8           119

Namibia                                            6.0          12.0           132           6.0          12.1           132
Nauru                                              (-)           0.3           203           (-)           0.3           203
Nepal                                              8.1          15.9           125           8.6          16.9           124
Netherlands                                    1,570.0       3,196.3            21       1,621.7       3,299.1            21
New Caledonia                                      4.8          12.4           129           5.1          13.1           128
New Zealand                                      335.6         686.2            52         349.6         715.2            53
Nicaragua**                                      304.3         560.9            58         312.0         575.2            58
Niger                                              0.5           1.3           173           0.6           1.4           173
Nigeria                                          652.8       1,436.7            36         671.4       1,477.3            36
Niue                                               0.1           0.1           220           0.1           0.1           220
Norfolk Island                                     0.1           0.1           219           0.1           0.1           219
Norway                                           407.6         835.2            44         427.6         878.2            44

Oman*                                             95.6         181.8            75         101.2         191.6            75

Pakistan                                         270.1         586.2            57         283.9         615.5            57
Palau                                              (-)           0.1           215           (-)           0.1           212
Panama*                                           31.2          61.8            96          32.3          64.2            96
Papua New Guinea                                   4.5          10.4           135           4.6          10.8           135
Paraguay                                           7.4          16.1           124           7.8          16.8           125
Peru*                                            647.3       1,528.4            34         679.6       1,615.6            34
Philippines                                      930.3       1,924.0            29         956.4       1,977.8            29
Pitcairn Islands                                   (-)           (-)           232           (-)           (-)           232
Poland                                           580.9       1,206.5            38         599.1       1,243.2            38
Portugal                                         251.1         552.8            59         260.9         574.2            59

Qatar                                            127.0         269.6            69         130.5         278.8            69

Reunion                                            1.7           3.5           153           1.8           3.6           154
Romania                                          194.4         399.6            62         200.9         413.4            62
Russia                                         1,259.3       2,814.5            23       1,304.7       2,923.8            23
Rwanda                                             6.0          13.4           126           6.2          13.6           126

Samoa                                              0.5           0.8           183           0.5           0.8           182
San Marino                                         0.8           1.8           167           0.8           2.0           166
Sao Tome and Principe                              (-)           0.1           216           (-)           0.1           216
Saudi Arabia                                   1,290.8       2,776.4            24       1,322.8       2,847.4            24
Senegal                                           17.8          24.2           115          18.3          24.9           114
Serbia                                            28.2          54.4           100          29.3          56.7           100
Seychelles                                         0.4           0.9           180           0.4           1.0           180
Sierra Leone                                       4.1           7.7           142           4.2           7.8           142
Singapore*                                     1,711.8       3,507.6            19       1,729.6       3,548.3            19
Sint Maarten                                       8.3          18.8           119           8.3          18.9           122
Slovakia                                         150.5         353.2            64         153.5         358.9            64
Slovenia                                          58.3         120.3            83          60.4         124.5            83
Solomon Islands                                    0.2           0.7           187           0.2           0.7           186
Somalia                                            0.3           0.4           199           0.3           0.4           202
South Africa                                     527.4       1,162.7            39         539.3       1,197.4            39
South Sudan                                        (-)           (-)           225           (-)           (-)           225
Spain                                          1,507.1       2,915.1            22       1,551.8       3,002.3            22
Sri Lanka                                        211.8         486.6            61         222.4         509.4            61
St Helena                                          1.3           1.3           174           1.3           1.3           174
St Kitts and Nevis                                 4.7           9.3           136           4.8           9.7           137
St Lucia                                           3.9           4.7           147           4.0           4.9           147
St Pierre and Miquelon                             (-)           (-)           227           (-)           (-)           227
St Vincent and the Grenadines                      0.2           0.5           194           0.2           0.5           194
Sudan                                              2.2           3.8           151           2.4           4.0           151
Suriname                                           3.8           8.8         139.0           4.2           9.5           138
Svalbard, Jan Mayen Island                         (-)           0.2         208.0           (-)           0.2           208
Swaziland                                          0.6           0.8         182.0           0.6           0.8           183
Sweden                                           882.5       1,738.2            31         976.8       1,874.1            30
Switzerland                                    2,884.5       6,127.7            14       2,907.3       6,171.5            15
Syria                                              0.4           1.1           177           0.4           1.1           177

Taiwan                                         3,215.8       6,990.8            13       3,326.4       7,229.9            13
Tajikistan                                         0.1           0.2           207           0.1           0.2           207
Tanzania                                           8.1          16.6           122           8.4          17.0           123
Thailand                                       2,227.2       4,870.5            16       2,303.9       5,044.1            16
Timor-Leste                                        0.2           0.7           185           0.2           0.7           185
Togo                                               0.8           1.4           171           0.9           1.5           171
Tokelau                                            (-)           0.4           200           (-)           0.4           200
Tonga                                              0.1           0.4           201           0.2           0.5           195
Trinidad and Tobago                              272.3         605.1            56         284.6         633.7            56
Tunisia                                           82.2         129.0            82          85.0         133.0            81
Turkey                                           686.2       1,540.7            33         720.5       1,620.0            33
Turkmenistan                                       0.7           1.0           178           0.7           1.1           178
Turks and Caicos Islands                           0.5           1.3           176           0.5           1.3           175
Tuvalu                                             (-)           (-)           224           (-)           (-)           224

Uganda                                             6.9          13.2           127           7.1          13.6           127
Ukraine                                          106.6         200.7            74         111.5         216.4            73
United Arab Emirates                             359.0         648.9            54         379.4         683.0            54
United Kingdom                                 4,956.5       9,505.5             7       5,037.9       9,662.1             7
Uruguay                                           27.4          63.9            95          28.5          66.6            95
Uzbekistan                                         1.3           2.4           160           1.4           2.6           160

Vanuatu                                            1.1           1.5           169           1.2           1.6           168
Vatican City                                       (-)           0.3           204           (-)           0.3           204
Venezuela                                        743.4       1,644.1            32         762.5       1,687.4            32
Vietnam                                        3,487.7       7,482.4            11       3,636.1       7,805.5            11

Wallis and Futuna                                  (-)           (-)           230           (-)           (-)           230
West Bank Administered by Israel                   1.0           1.5           170           1.0           1.5           170
Western Sahara                                     (-)           (-)           222           (-)           (-)           222

Yemen                                              0.2           0.2           206           0.2           0.2           206

Zambia                                             3.9           9.2           138           4.0           9.3           139
Zimbabwe                                           0.7           3.4           154           0.8           3.7           153

Unidentified (1)                                   (-)           (-)           (X)           (-)           (-)           (X)

Timing adjustment                                  (-)         114.4           (X)           (-)         114.3           (X)

Africa                                         2,580.1       5,865.8           (X)       2,659.9       6,054.9           (X)
APEC                                         125,914.0     264,199.7           (X)     129,473.7     271,804.0           (X)
ASEAN                                         13,557.7      28,108.4           (X)      13,968.3      28,995.5           (X)
Asia - South                                   4,952.8      10,536.4           (X)       5,150.5      10,952.2           (X)
Asia Near East                                 5,014.9      10,567.9           (X)       5,143.3      10,838.8           (X)
CAFTA-DR                                       2,017.8       3,769.7           (X)       2,118.6       3,962.8           (X)
Central American Common Market                 1,616.1       3,053.8           (X)       1,706.1       3,226.8           (X)
Euro Area                                     28,853.6      57,929.1           (X)      29,453.5      59,127.1           (X)
Europe                                        42,612.8      86,097.4           (X)      43,591.4      88,036.1           (X)
European Union                                37,021.4      73,898.6           (X)      37,859.1      75,512.8           (X)
LAFTA                                         32,948.8      67,115.6           (X)      33,525.8      68,316.0           (X)
NATO Allies                                   55,157.3     112,717.8           (X)      56,455.3     115,468.1           (X)
North America                                 50,207.6     102,417.7           (X)      51,025.0     104,201.2           (X)
OECD                                         110,169.7     224,397.0           (X)     112,426.8     229,029.8           (X)
OPEC                                           5,512.9      11,991.8           (X)       5,682.5      12,367.0           (X)
Pacific Rim Countries                         66,959.6     142,766.6           (X)      69,306.1     147,722.8           (X)
South/Central America                          9,210.5      19,722.1           (X)       9,647.9      20,634.6           (X)
Twenty Latin American Republics               35,071.7      71,077.0           (X)      35,752.0      72,475.3           (X)

* Countries denoted by asterisks represent countries with Free Trade Agreements with the United States.
** Countries denoted by double asterisks represent countries included within Free Trade Agreements with the United States.

Africa - Algeria, Angola, Benin, Botswana, British Indian Ocean Territories, Burkina Faso, Burundi, Cameroon, Cabo Verde, Central African Republic, Chad, Comoros,
Guinea, Guinea-Bissau, Kenya, Lesotho, Liberia, Libya, Madagascar, Malawi, Mali, Mauritania, Mauritius, Mayotte, Morocco, Mozambique, Namibia, Niger,
Nigeria, Reunion, Rwanda, Sao Tome and Principe, Senegal, Seychelles, Sierra Leone, Somalia, South Africa, South Sudan, St. Helena, Sudan, Swaziland, Tanzania, Togo,
Tunisia, Uganda, Western Sahara, Zambia, Zimbabwe.

APEC (Asia - Pacific Economic Cooperation) - Australia, Brunei, Canada, Chile, China, Hong Kong, Indonesia, Japan, Korea (South), Malaysia, Mexico, New Zealand, Papua New
Guinea, Peru, Philippines, Russia, Singapore, Taiwan, Thailand, Vietnam.

ASEAN (Association of Southeast Asian Nations) - Brunei, Burma, Cambodia, Indonesia,  Laos, Malaysia,  Philippines, Singapore, Thailand, Vietnam.

Asia - South - Afghanistan, Bangladesh, India, Nepal, Pakistan, Sri Lanka.

Asia Near East - Bahrain, Gaza Strip Administered by Israel, Iran, Iraq, Israel, Jordan, Kuwait, Lebanon, Oman, Qatar, Saudi Arabia, Syria,

United Arab Emirates, West Bank Administered by Israel, Yemen.

CAFTA-DR (Dominican Republic-Central America-United States Free Trade Agreement) - Costa Rica, Dominican Republic, El Salvador, Guatemala, Honduras, Nicaragua.

Central American Common Market - Costa Rica, El Salvador, Guatemala, Honduras, Nicaragua.

Euro Area - Austria, Belgium, Cyprus,  Estonia, Finland, France, Germany, Greece, Ireland, Italy, Latvia, Lithuania, Luxembourg, Malta, Netherlands, Portugal, Slovakia, Slovenia, Spain.

Europe - Albania, Andorra, Armenia, Austria, Azerbaijan, Belarus, Belgium, Bosnia-Herzegovina, Bulgaria, Croatia, Cyprus, Czech Republic, Denmark, Estonia, Faroe Islands,
Finland, France, Georgia, Germany, Gibraltar, Greece, Hungary, Iceland, Ireland, Italy, Kazakhstan, Kosovo, Kyrgyzstan, Latvia, Liechtenstein, Lithuania,
Luxembourg, Macedonia, Malta, Moldova, Monaco, Montenegro, Netherlands, Norway, Poland, Portugal, Romania, Russia, San Marino, Serbia, Slovakia, Slovenia, Spain,
Svalbard, Jan Mayen Island, Sweden, Switzerland, Tajikistan, Turkey, Turkmenistan, Ukraine, United Kingdom, Uzbekistan, Vatican City.

European Union - Austria, Belgium, Bulgaria, Croatia, Cyprus, Czech Republic, Denmark, Estonia, Finland, France, Germany, Greece, Hungary, Ireland, Italy, Latvia,
Lithuania, Luxembourg, Malta, Netherlands, Poland, Portugal, Romania, Slovakia, Slovenia, Spain, Sweden, United Kingdom.

LAFTA (Latin American Free Trade Area) - Argentina, Bolivia, Brazil, Chile, Colombia, Ecuador, Mexico, Paraguay, Peru, Uruguay, Venezuela.

NATO (North Atlantic Treaty Organization) Allies - Belgium, Bulgaria, Canada, Czech Republic, Denmark, Estonia, France, Germany, Greece, Hungary, Iceland,
Italy, Latvia, Lithuania, Luxembourg, Netherlands, Norway, Poland, Portugal, Romania, Slovakia, Slovenia, Spain, Turkey, United Kingdom.

North America - Canada, Mexico.

OECD (Organization for Economic Cooperation and Development) - Australia, Austria, Belgium, Canada, Chile, Czech Republic, Denmark, Estonia, Finland, France, Germany,
Greece, Hungary, Iceland, Ireland, Israel, Italy, Japan, Korea (South), Luxembourg, Mexico, Netherlands, New Zealand, Norway, Poland, Portugal, Slovakia, Slovenia, Spain,
Sweden, Switzerland, Turkey, United Kingdom.

OPEC (Organization of the Petroleum Exporting Countries) - Algeria, Angola, Ecuador, Equatorial Guinea, Gabon, Iran, Iraq, Kuwait, Libya, Nigeria, Qatar, Saudi Arabia,
United Arab Emirates, Venezuela.

Pacific Rim Countries - Australia, Brunei, China, Hong Kong, Indonesia, Japan, Korea (South), Macau, Malaysia, New Zealand, Papua New Guinea, Philippines,
Singapore, Taiwan.

South/Central America - Anguilla, Antigua and Barbuda, Argentina, Aruba, Bahamas, Barbados, Belize, Bermuda, Bolivia, Brazil, British Virgin Islands,
Cayman Islands, Chile, Colombia, Costa Rica, Cuba, Curacao, Dominica, Dominican Republic, Ecuador, El Salvador, Falkland Islands (Islas Malvinas), French Guiana, Grenada,
Guadeloupe, Guatemala, Guyana, Haiti, Honduras, Jamaica, Martinique, Montserrat, Nicaragua, Panama, Paraguay, Peru, St. Kitts
and Nevis, Sint Maarten, St. Lucia, St. Vincent and the Grenadines, Suriname, Trinidad and Tobago, Turks and Caicos Islands, Uruguay, Venezuela.

Twenty Latin American Republics - Argentina, Bolivia, Brazil, Chile, Colombia, Costa Rica, Cuba, Dominican Republic, Ecuador,  El Salvador, Guatemala,
Haiti, Honduras, Mexico, Nicaragua, Panama, Paraguay, Peru, Uruguay, Venezuela.

(1) The export totals reflect shipments of certain grains, oilseeds, and satellites that are not included in the country/area totals.
                                       0
NOTE: Area data reflect the composition of the areas as of the most recent statistical period.

SOURCE: Report FT900 (CB 18-52, BEA 18-17), Bureau of the Census, Economic
Indicators Division, February 2018.  For more information, contact Matthew Przybocki
(301-763-3148) or Mala Kline (301-763-2311), Economic Indicators Division.
